1
1

12
1 2
1 2

123   2
1 2 3 | 2 3
1 2 3   4 5

1234    2       3
1 2 3 4 | 2 3 4 | 3 4
1 2 3 4   5 6 7   8 9

12345     2         3       4
1 2 3 4 5 | 2 3 4 5 | 3 4 5 | 4 5
1 2 3 4 5   6 7 8 9   0 1 2   3 4

123456      2           3         4       5
1 2 3 4 5 6 | 2 3 4 5 6 | 3 4 5 6 | 4 5 6 | 5 6
1 2 3 4 5 6   7 8 9 0 1   2 3 4 5   6 7 8   9 0

1234567       2             3           4         5       6
1 2 3 4 5 6 7 | 2 3 4 5 6 7 | 3 4 5 6 7 | 4 5 6 7 | 5 6 7 | 6 7
1 2 3 4 5 6 7   8 9 0 1 2 3   4 5 6 7 8   9 0 1 2   3 4 5   6 7

12345678        2               3             4           5         6       7
1 2 3 4 5 6 7 8 | 2 3 4 5 6 7 8 | 3 4 5 6 7 8 | 4 5 6 7 8 | 5 6 7 8 | 6 7 8 | 7 8
1 2 3 4 5 6 7 8   9 0 1 2 3 4 5   6 7 8 9 0 1   2 3 4 5 6   7 8 9 0   1 2 3   4 5

123456789         2                 3               4             5           6         7       8
1 2 3 4 5 6 7 8 9 | 2 3 4 5 6 7 8 9 | 3 4 5 6 7 8 9 | 4 5 6 7 8 9 | 5 6 7 8 9 | 6 7 8 9 | 7 8 9 | 8 9
1 2 3 4 5 6 7 8 9   0 1 2 3 4 5 6 7   8 9 0 1 2 3 4   5 6 7 8 9 0   1 2 3 4 5   6 7 8 9   0 1 2   3 4

1234567890          2                   3                 4               5             6           7         8       9
1 2 3 4 5 6 7 8 9 0 | 2 3 4 5 6 7 8 9 0 | 3 4 5 6 7 8 9 0 | 4 5 6 7 8 9 0 | 5 6 7 8 9 0 | 6 7 8 9 0 | 7 8 9 0 | 8 9 0 | 9 0
1 2 3 4 5 6 7 8 9 0   1 2 3 4 5 6 7 8 9   0 1 2 3 4 5 6 7   8 9 0 1 2 3 4   5 6 7 8 9 0   1 2 3 4 5   6 7 8 9   0 1 2   3 4

# - 0 - +
1 - 1 - 1
2 - 2 - 2
3 - 5 - 3
4 - 9 - 4
5 - 14 - 5
6 - 20 - 6
7 - 27 - 7
8 - 35 - 8
9 - 44 - 9
10 - 54 - 10
11 - 65 - 11